INSERT INTO R_HABITACION_PRECIO (id_hab,id_pre) VALUES
(34,1),(40,19),(47,28),(49,78),
(34,2),(40,20),(47,29),(49,79),
(34,3),(40,21),(47,30),(49,80),
(34,4),(40,52),(47,66),(49,98),
(34,5),(40,56),(47,72),(49,101),
(34,6),(40,57),(47,58),(49,111),
(34,7),(40,110),(47,115),(49,120),
(34,8),(40,108),(47,112),(49,132),
(34,9),(40,102),(47,192),(49,160),
(34,10),(42,35),(45,72),(50,84),
(34,11),(42,36),(45,84),(50,92),
(34,12),(42,37),(45,85),(50,32),
(34,13),(42,38),(45,86),(50,4),
(34,14),(42,40),(45,87),(50,9),
(34,15),(42,41),(45,95),(50,78),
(34,16),(42,43),(45,11),(50,7),
(34,17),(42,50),(45,9),(50,8),
(34,18),(42,70),(45,27),(50,3),
(34,19),(42,81),(45,32),(50,2),
(34,20),(43,20),(46,44),(51,1),
(34,21),(43,33),(46,98),(51,14),
(34,22),(43,46),(46,99),(51,10),
(34,23),(43,57),(46,110),(51,87),
(34,24),(43,61),(46,112),(51,42),
(34,25),(43,74),(46,28),(51,25),
(34,26),(43,86),(46,37),(51,78),
(34,27),(43,92),(46,46),(51,77),
(34,28),(43,105),(46,92),(51,64),
(34,30),(43,164),(46,31),(51,109),
(34,31),(43,181),(46,69),(51,96),
(34,32),(44,19),(48,28),(41,24),
(34,33),(44,40),(48,115),(41,78),
(34,34),(44,37),(48,40),(41,50),
(34,35),(44,100),(48,50),(34,51),
(34,36),(34,50),(34,42),(34,41),
(34,37),(34,42),(34,43),(34,44),
(34,38),(34,53),(34,52),(34,45),
(34,39),(34,54),(34,51),(34,46),
(34,40),(34,55),(34,50),(34,47),
(34,57),(34,56),(34,49),(34,48),
(34,58),(34,59),(34,60),(34,61),
(34,62),(34,63),(34,64),(34,65),
(34,66),(34,87),(34,88),(34,89),
(34,67),(34,68),(34,69),(34,70),
(34,71),(34,72),(34,73),(34,74),
(34,78),(34,75),(34,76),(34,77),
(34,79),(34,80),(34,81),(34,82),
(34,86),(34,85),(34,84),(34,83),
(34,90),(34,91),(34,92),(34,93),
(34,96),(34,95),(34,94),(34,97),
(34,98),(34,99),(34,100),(34,101),
(34,102),(34,103),(34,104),(34,105),
(34,106),(34,107),(34,108),(34,109),
(34,112),(34,110),(34,111),(34,113),
(34,114),(34,115),(34,116),(34,117),
(34,121),(34,120),(34,119),(34,118),
(34,122),(34,123),(34,125),(34,124)
(34,126),(34,132),(34,134),(34,135),
(34,127),(34,131),(34,136),(41,53),
(34,128),(34,130),(34,140),(34,137),
(34,129),(34,133),(34,139),(34,138),
(34,141),(34,142),(34,143),(34,144),
(34,145),(34,146),(34,147),(34,148),
(34,149),(34,150),(34,151),(34,152),
(34,153),(34,154),(34,155),(34,156),
(34,160),(34,159),(34,158),(34,157),
(34,161),(34,163),(34,164),(34,167),
(34,168),(34,162),(34,165),(34,166),
(34,169),(34,170),(34,171),(34,172),
(34,179),(34,173),(34,176),(34,177),
(34,178),(34,174),(34,175),(34,180),
(34,181),(34,182),(34,183),(34,184),
(34,187),(34,186),(34,185),(34,192),
(34,188),(34,189),(34,190),(34,191),
(52,11),
(52,21),
(52,51),
(52,61),
(52,102),
(52,1),
(52,2),
(52,5),
(52,6),
(52,102),
(257,79),
(257,84),
(257,25),
(257,34),
(257,56),
(257,67),
(257,89),
(257,4),
(257,10),
(257,29),
(257,46),
(208,1),
(208,3),
(208,8),
(208,11),
(208,56),
(208,68),
(208,29),
(208,30),
(208,34),
(208,35),
(208,36),
(356,47),
(356,156),
(356,128),
(356,192),
(356,91),
(356,67),
(356,54),
(356,43),
(356,32),
(356,2),
(356,12),
(460,1),
(460,4),
(460,7),
(460,8),
(460,13),
(460,124),
(460,171),
(460,179),
(460,189),
(460,83),
(460,21),
(539,74),
(539,16),
(539,20),
(539,45),
(539,2),
(539,9),
(539,191),
(539,185),
(539,123),
(539,122),
(539,124),
(564,74),
(564,16),
(564,20),
(564,45),
(564,2),
(564,9),
(564,191),
(564,185),
(564,123),
(564,122),
(564,124),
(72,11),
(72,21),
(72,51),
(72,61),
(72,102),
(72,1),
(72,2),
(72,5),
(72,6),
(358,79),
(358,84),
(358,25),
(358,34),
(358,56),
(358,67),
(358,89),
(358,4),
(358,10),
(358,29),
(358,46),
(409,1),
(409,3),
(409,8),
(409,11),
(409,56),
(409,68),
(409,29),
(409,30),
(409,34),
(409,35),
(409,36),
(409,1),
(469,3),
(469,8),
(469,11),
(469,56),
(469,68),
(469,29),
(469,30),
(469,34),
(469,35),
(469,36),
(611,47),
(611,156),
(611,128),
(611,192),
(611,91),
(611,67),
(611,54),
(611,43),
(611,32),
(611,2),
(611,12);
